1.42
0.02426262326
0.00192220818
-0.001430086253
0.001993611034
0.003814457172
0.003685854527
0.03443031248
-0.007708582668
-0.004807894238
0.004624902305
0.00800958781
0.004981348192
-0.001541909507
-0.008043566707
0.00147883015
0.0157591607
0.003019572639
-0.00430621586
0.004806152636
-0.0008185632663
0.002069398642
0.01219522083
0.001618989238
-0.01515117916
0.005115634953
0.01022330544
0.0004452338576
0.006980287075
-0.002432367888
-0.001467989581
0.00934409146
0.007095570592
0.0008917054823
0.007692092708
-0.002362884525
-0.0004264483629
0.0111943836
-0.002188531318
-0.01228095225
0.008178418222
0.004067916594
-0.003657254914
0.003848025078
0.01053188104
-0.01168804121
0.008071763439
0.00802576376
1.674377839e-05
-0.006439753188
0.002651602257
0.001715388915
-0.001037806696
0.008656406419
-0.006213451342
0.003282137531
-0.001441203708
0.0002969419536
0.005151678364
0.0134543652
-0.01123924127
0.003579844908
0.005126392811
0.001701895785
0.001459242455
0.007868190812
-0.006179527469
-0.005159558388
0.003424009565
0.001026418035
0.0003661922132
0.003129212119
-0.0001844197381
0.004656432866
0.006864530847
0.0002914894947
0.0003020027039
0.002445398902
0.005528006148
0.00106465803
0.001466313239
-0.002931614124
-0.005829528275
0.01150325925
0.002449727397
-0.00309114542
0.00116397656
0.001343651399
-0.002471059694
0.008298430953
0.008572502211
-0.005441136413
-0.0009595128773
-0.001155329899
0.01058081436
0.0002687489946
-0.001990967032
-0.009294615652
0.007970967213
0.006247748983
0.0005641353853
0.00170863712
-0.002690008459
0.01184009096
0.00630573133
0.002885550752
-0.01121135429
-0.0003201053729
0.003479130837
0.008458712234
-0.003360228433
0.0004969081644
-0.003077077572
0.002238739716
0.006896542107
0.00113553506
-0.00262149063
0.004209913999
0.003597068296
0.003552005287
0.002758326634
-0.001670118959
-0.001630721785
0.004502432585
0.004409042011
-0.002822551901
-0.00049891974
-0.0009574879797
0.00637296102
0.001185064314
0.003632367623
-0.002203138595
0.000368170391
0.0100065501
0.001964699435
-0.001384945128
-0.001582896198
0.001352853531
-0.004382458015
0.001726983918
0.00539862177
-0.0007380802868
0.002667121863
0.004754889392
0.005879244234
-0.004038173193
0.0009355323068
0.004334049193
0.006229807208
0.00124519865
-0.003316257495
0.001579803604
0.001230356803
0.002230054981
-0.003891767809
0.002109314312
0.0005416848411
0.002600537493
0.004366876139
0.005892065743
-0.003270063634
-0.0004594136401
0.006237307675
0.002988951374
-0.00250218231
-0.0009851959508
0.003378491049
0.001680127681
-0.0007231034368
0.002931077595
0.0003958502923
-0.002535994917
0.007615759484
0.00928275075
0.0001950987838
-0.003044695367
0.001772741525
0.00305040894
0.001692178249
-0.002109390391
0.001586129997
-0.0001523062688
0.000407759093
0.001854062415
0.003798244249
-0.001740548191
0.001063666413
0.003885691773
0.004780973442
0.002161245848
0.00158482344
-0.0006084779241
0.004098762848
0.002732664664
0.00102431473
-0.003430650897
-0.002532828897
0.005250097949
0.005562372829
-0.000884851348
-0.0006813328903
0.003225847572
0.006085165637
0.0008673134841
-0.001028109805
0.005250306561
-0.0001504585309
-0.002205073246
-0.0009485770375
0.003845119161
-0.0007786795312
0.002577975476
0.001758927625
0.002067991165
-0.0008674082901
0.006573371596
0.004080037387
0.001654471231
-0.000260370224
0.001144520967
0.00694420669
-0.002584867506
-0.001439978954
0.001088193843
0.002110790516
-0.0008154070345
0.005706291627
-0.002003034389
-0.002553539861
0.003217890547
0.00931933251
0.003128897883
-0.003417889384
0.002580084135
0.000954389912
0.003548594219
0.002363524472
-0.0030877072
-0.002297540503
0.001770422654
0.004704449028
0.005856732038
0.002713185854
-0.00441391032
0.004026818746
0.006567705839
0.001249776837
-0.0009642461428
-0.0008103257103
0.001785330277
0.00448904386
0.003481041602
-0.005338967966
-0.006242558753
0.004110837803
0.008062720612
0.003776194357
-4.636915262e-05
-0.003400949193
0.004039442058
0.00825536978
0.003120222371
-0.002035308058
0.0006084685629
-0.002471941238
0.004163241886
0.006197880481
-0.002860857283
-0.006109406567
0.004216762726
0.007154695003
-0.001052729263
0.006064160848
-0.000311204966
-0.0002477898293
0.006141448178
0.004082014354
-0.006686902601
-0.002005613264
0.003328079145
0.003554228471
0.004009465917
0.001159161304
-0.003208028359
-8.948960079e-05
0.005166803518
0.004924009717
0.004367186456
0.002105232141
-0.003734037428
0.005480633499
0.006140549482
-0.002273814664
-0.004292477997
0.0007628988459
0.003101475788
0.0003793687201
0.003763558899
-0.00172401978
0.0002325561151
0.007040020159
0.003392570363
0.001240905865
0.001020666661
-0.0006587975005
0.005056938172
0.003196643708
-0.002481849796
-0.001242028332
0.003179221598
-0.001974331055
0.002479514036
0.006873007212
0.004062029523
-0.003286934925
0.003157485107
0.00332915359
-6.750144057e-05
0.006122721398
-0.0006391734663
-0.001163999893
5.868371215e-05
0.00237022561
-0.0005762789594
0.002795095285
-0.002050660885
-0.0004433235595
0.006289756819
0.005273484488
0.0001621139325
0.001727075145
0.004180579838
0.001433332877
0.004078663148
0.0009636745084
-0.005635460496
0.001256502644
0.005054771744
0.0004989352515
0.0008730798072
-7.653224208e-05
-0.0003257758028
0.004540301551
0.008104006726
0.0005938593143
-0.001641154296
-0.001054840991
0.002817338945
0.005560196625
0.002682398103
-0.005341524272
-0.002948518443
0.007333543648
0.001362531019
0.0007102532466
0.002945208415
-0.0005579275936
0.004129027799
0.008158866424
0.001643139219
-0.003374206188
0.001593842098
0.003203210997
0.003752931073
-9.216355641e-05
-0.004053527147
-0.002397484639
0.004106874821
0.004398067674
0.0008482606394
0.002876765772
-0.0006332853676
0.003335018683
0.007471686932
0.003000099487
-0.003726774968
0.0005112445598
0.002821898385
0.0003883017815
0.0005914603657
0.001813630575
0.0006771582435
0.002632801106
0.002298502961
0.0006146326374
0.002999144248
0.001286586489
0.002065988984
0.006482379866
0.002954246355
-0.003334277668
-0.001628307249
0.0008622207307
0.00145506238
0.001112195699
0.002385951271
-0.002201543076
0.001682040361
0.006594559783
0.002605752808
0.0005676387735
0.00327391299
0.003581938726
0.002572356126
0.0002591824321
-0.0002893475615
0.0009203333117
0.0005256024182
-0.000224332886
-3.299395332e-05
0.0009505091581
0.002857738549
0.003739849843
0.003699675109
0.0005335020333
0.0006796613236
0.003311099807
0.001118904582
0.001740249448
0.0004087042688
0.001471302932
0.001651524384
-3.376665996e-05
-0.001614156331
0.001306588952
0.002142923375
0.004171633996
0.003961614101
0.002453041727
0.001487997554
0.002892633527
0.003526157615
0.0001715821875
-0.001665622817
0.00102120788
0.0003033897104
-0.0003419043855
0.002330376928
-0.0001298457541
0.0003374601449
0.002474435649
0.005048513806
0.00237009462
0.002144791643
0.00170657827
0.003745566075
0.001482013006
4.600043985e-06
-0.0003011982063
-0.0009414100073
0.002012540862
0.002707718249
0.001793164786
-0.001336322653
0.0006233786928
0.004824500181
0.003715658078
0.002192884733
0.001052271548
0.002246039817
0.001922408289
0.000748788816
-0.0005268596281
1.215680671e-05
-0.0008786923896
4.830968927e-05
0.002440373929
0.001562992224
0.001237949144
0.003027993266
0.005964574817
0.002395777729
0.0007047873512
0.001789610102
0.002330624372
0.001277793031
0.0002896154396
-0.001510424716
0.0001694939936
0.001170254208
0.001047432693
0.0008377216438
0.001779883007
0.002619606316
0.003223960783
0.002395768281
0.0006717069692
0.003027671703
0.002879341767
0.0009093613842
-0.0005768092416
0.001014619521
-0.001581536753
-0.0001370726473
0.0021769391
0.003296934676
0.001071078595
0.00186023487
0.003246020295
0.003009903005
0.003505560776
0.00265996021
-0.0003676154022
0.000644672689
0.001398296749
0.0002420280385
-0.001243307587
-0.002680029045
0.0009905017833
0.005114492822
0.002682679061
-0.0004614191009
0.002266361883
0.003829286
0.004331316994
0.002591541657
0.0008049715931
-0.001801741577
0.0005865054676
0.003816398526
0.002360547115
-0.002583922302
-0.00236857048
0.001101052894
0.004533902783
0.002821846864
0.0008658360284
0.002693231622
0.00409242488
0.002854009776
0.001034333579
-0.0001365019087
-0.001593363981
-0.0005646668263
0.002708223256
0.001605595278
-0.002279355575
0.0001691623926
0.002093337581
0.003923231895
0.004219076252
0.003008299111
0.0006957976685
0.002284579198
0.00353029572
0.002271854848
-0.001299201276
-0.002140315164
-0.0005545944067
0.001423541983
0.0017884334
0.0002835207524
0.0002201405511
0.002615700506
0.002648342281
0.002239910831
0.00309843342
0.001682126882
0.001854447386
0.002855335049
0.001505611093
-0.001629660984
-0.001396756344
-0.0003717667056
0.0007770176159
0.001525210508
0.002797839634
0.002312252469
0.002174197609
0.002735935819
0.002902757872
0.002841121979
0.002099173085
9.404947777e-05
-0.0002602365194
-0.0008632542421
0.0003513497792
0.001180702041
-0.0002757624427
-0.001940600486
0.00175217879
0.00439801434
0.003026873732
0.00222954647
0.002397054508
0.002526599222
0.00250250328
0.002412598601
-0.001385756676
-2.597154741e-05
0.0009116986883
0.0004668065544
1.085605159e-05
-0.0001100981161
-0.0007777077242
0.002161755401
0.004809053798
0.003316539373
0.002216391967
0.002086890184
0.0001353396612
0.001539671002
0.003134620674
-0.0006100208846
-0.003324364075
-0.0009473163932
0.001759875437
0.001609328647
0.002116071419
0.0008213979494
0.001438893729
0.004299189863
0.004996706082
0.001625422554
0.000960585172
-5.164271639e-05
0.001009525029
0.003336993363
-0.0009919142053
-0.004276757866
-0.0001084977171
0.002609595175
0.001945461187
0.001474754983
0.0005111352354
0.0008060050807
0.00528126377
0.00564232177
0.001242766298
-0.0003693441606
7.655122783e-05
0.000113676365
0.001060285652
0.0005804560193
-0.002070586026
0.0003912865497
0.002277403493
0.002349700765
0.00254223096
0.002728943291
0.001562606068
0.003455325996
0.004575605031
0.0005404187821
-0.001595968281
-0.0005506586837
-0.0003262790438
0.0009511353164
0.001119444777
-0.001593417181
-0.0008526405373
0.003864634575
0.003923050486
0.002512336746
0.00258451033
0.001403092696
0.002793413731
0.00317798452
0.001402102088
0.0002073515288
-0.0001362754543
-0.001802082801
-0.0007224383827
0.0009273166911
0.000512042361
0.0008568736479
0.00434234976
0.004023314511
0.0009348062376
0.00237446043
0.003243544028
0.0008540079552
0.0008486418958
0.0004558205341
1.016682657e-05
-0.0002155513503
-0.0008914645682
-0.0006681507988
0.00175577534
0.0028282735
0.002534032969
0.002851824798
0.002469775256
0.003010304505
0.003905400763
0.002361461863
-0.001106500936
-0.0004481877785
0.0004527029827
0.0004432468591
-0.0002693584235
-0.0004157817313
7.480505811e-05
0.001161269543
0.00223938479
0.003098418684
0.003345927701
0.003307434682
0.002709105765
0.002829425245
0.001543333769
-0.001148730197
-0.00106877849
7.098571069e-05
0.0002833331485
0.0008474872023
0.001475407997
2.803893898e-05
0.001662398499
0.004288907918
0.004067998547
0.002072249366
0.001914353489
0.001190690554
0.001734835502
0.001555647606
-0.0005792660579
-0.001884749318
-0.001241671368
0.0008051724132
0.001791699197
0.001169886184
0.001169634705
0.002962717365
0.004320855921
0.003453603235
0.00176306457
0.001745115541
0.002654296259
0.001071569684
-0.0004761717579
-0.0008793271016
-0.001618515824
-0.0002525822664
0.001152143987
0.001876558725
0.001604644087
0.0022991412
0.003098433167
0.003593351366
0.00272994257
0.00203810439
0.001014402016
-0.0001235699988
0.0001704480639
-0.0001068210034
-0.000641286826
-0.0003771994169
0.000726865476
0.002170028028
0.002209156413
0.001829775427
0.002999699401
0.004039330392
0.003392851829
0.001776946009
0.001209264973
0.0002490271992
-1.999080052e-06
0.0001230091343
-0.0004176594161
-0.001595445226
-0.00024373188
0.001415990777
0.002642304201
0.002503115066
0.002725605316
0.003896750841
0.003855485753
0.002602299386
0.0003363234061
-0.0002256378625
0.001000095945
0.0008726309122
-0.0001326846375
-0.001030449485
-0.001159217651
0.001663214046
0.003679021156
0.002569823904
0.002096103845
0.00333581634
0.003430095781
0.002755440862
0.0009808548731
6.581884546e-05
0.0001361955802
0.0002292262689
-0.0004133858534
-0.0005184839938
6.948860654e-05
0.0008863007777
0.002031993043
0.00316234127
0.003170365326
0.002995754139
0.003229421201
0.003446616627
0.002672781498
0.001316299933
-0.0006035620907
-0.00182472745
-0.0004241034558
0.0003053768268
0.0003174975366
0.001022080976
0.001789907111
0.001958735684
0.003517596756
0.003634371922
0.002510521315
0.001948514999
0.002452017681
0.002053704422
0.00039620508
-0.001149803742
-0.001286288371
0.0002292213274
0.0009225200438
0.0008029527106
0.001515674133
0.002853145431
0.003223070631
0.003457348104
0.003470523823
0.002474837493
0.001633289518
0.001460206633
0.0005184227187
-0.0004846824564
-0.0006598820223
-0.00030872471
-0.000855836202
-0.000102761586
0.00162536943
0.003420236512
0.003746126653
0.003083499449
0.003202080261
0.003315952102
0.001870660026
0.0009539235051
0.000648042728
-0.0003092846579
-0.0004889538107
9.871571318e-05
0.0001976539595
0.0001495456585
0.001094736785
0.002541198008
0.003306989169
0.003562793285
0.003144566733
0.001972336614
0.00220072898
0.002143605234
0.0006294180133
-0.0007779721631
-0.001274860669
-0.001079368399
0.0007081268513
0.0015425278
0.001114717921
0.001398224791
0.002593676844
0.003883696183
0.004668432807
0.003875604153
0.001108740479
0.0003353731139
0.001664399535
0.0008911403881
-0.001633267558
-0.001988266966
-0.0003483662179
0.001604972215
0.002254886926
0.00157337733
0.001199915681
0.003072528014
0.004663728851
0.004096015821
0.001778331644
0.0001655706723
0.0002251988934
0.001187589951
0.0004087084561
-0.001229620746
-0.0007165728313
0.0005246186732
0.001158719024
0.002572466537
0.003326334599
0.002602285611
0.002991902819
0.003949058409
0.003124115067
0.001293470802
0.000223305579
-0.0005144968443
-0.000399847677
-0.0003413480221
-0.0006571132803
-0.0005035942598
0.0008393268977
0.002363687987
0.003949533317
0.004024571009
0.002561245906
0.002025995476
0.003154865525
0.002941462869
0.001118956328
-0.0001112640076
-0.000914674495
-0.0009475195588
0.0001325262059
0.0004686876568
0.0004902321636
0.001802185082
0.003164389688
0.00346251625
0.00312336713
0.002890926589
0.00247180987
0.002311217968
0.001025980783
-0.0002275909094
-0.0002932377186
-0.0003212680329
-0.001057002039
-6.731181541e-05
0.001307992283
0.001748419347
0.002682696781
0.003441514635
0.003780532896
0.004018847789
0.00341302253
0.001461818167
7.947324015e-05
1.095353753e-06
-0.0002353979769
-0.0003153439754
-6.807493083e-05
-0.0004522424261
9.571588385e-05
0.001779137241
0.002679517001
0.002957775972
0.003513694255
0.00325219663
0.003103936426
0.002610193767
0.00104362069
-0.0002993740376
-0.0002936326722
-0.000449634904
-0.0003247884014
0.0002831861501
0.000470222809
0.0009841613378
0.002552739154
0.003872007128
0.003718617888
0.00305165307
0.002273913002
0.002061200963
0.002271584112
0.001042581338
-0.001323112742
-0.001951675297
-0.001133256985
0.0003301089128
0.001630045897
0.001446152698
0.001274491701
0.003412379411
0.004684992495
0.003362024987
0.002119648208
0.002165870476
0.001909010964
0.001392625696
6.815426365e-06
-0.001611870225
-0.001161114966
0.0001986134144
0.0007910133962
0.001389459356
0.001961472442
0.002238787182
0.003520369544
0.004374588358
0.003331169088
0.001745077944
0.001247183129
0.000545104271
-0.0001144322909
-0.0002721939768
-0.0006963476476
-0.0008835022965
0.000344445981
0.001428992744
0.002355038598
0.00341512233
0.003645041526
0.003374868599
0.003581183631
0.002799728214
0.001175577634
0.0002183204382
-0.0002638490286
-0.0002284851538
-0.0003267537926
-0.0008355219132
-0.0005239340746
0.001118435236
0.002498659991
0.00295349684
0.003204335308
0.003548481526
0.003279537132
0.002843005612
0.001824343935
0.0006705226953
0.0001745268021
7.346463946e-06
-0.0008608515413
-0.001069692847
-6.904869438e-05
0.001455500764
0.002479383946
0.002594051034
0.002972415475
0.003751278167
0.003859640409
0.002745798882
0.001694372445
0.0006863998676
-0.0003729389238
-0.0007895972285
-0.0006701821465
-0.0005387331199
-6.403871364e-05
0.001071932391
0.002314513368
0.002642948863
0.002886416996
0.003498253903
0.003985328345
0.003319750357
0.002234440282
0.0009887266857
-0.0001410607586
-0.000885142309
-0.0006680705224
-0.0001553624677
-7.125862977e-05
0.0003707107036
0.001400501185
0.002692443666
0.00343021312
0.003684046895
0.003285826727
0.002621178513
0.002292043184
0.00169489924
0.0003097238503
-0.001143121426
-0.001269547687
-0.0001772075514
0.000131706301
0.0002693874532
0.001419715498
0.003030453134
0.003922184017
0.003930039657
0.003027583997
0.002472274033
0.002213292818
0.001508040472
0.0005034840314
-0.0005532013695
-0.0009888591168
-0.0007830662757
-0.0003572142278
1.640265641e-05
0.001075069297
0.002694295044
0.003621303792
0.003546936359
0.003461136764
0.003102368591
0.002400844816
0.001638775635
0.0005333936266
-0.0006427888157
-0.0007494537277
-0.0005114699262
-0.0003107132014
0.0001657933938
0.001152842342
0.002339798189
0.003343005432
0.003601212487
0.003550809631
0.003408014632
0.002497074007
0.00122781089
0.0002929916707
-0.0005342771552
-0.001141733836
-0.0006856892827
-2.654001886e-05
0.0004139486339
0.001213853706
0.00208886634
0.002644260155
0.003733841709
0.004417931864
0.003589794362
0.0021681121
0.001537966165
0.001032778712
0.0003070909602
-0.0008580470845
-0.001732158264
-0.0008001576823
0.0008396674009
0.001230366423
0.001595640989
0.002749417471
0.003572221934
0.004054542404
0.003824047042
0.002439938828
0.00116244556
0.0009360535509
0.0004773851729
-0.0005388719031
-0.001280653668
-0.001068782718
5.817307312e-05
0.001686831073
0.00251008998
0.002763096131
0.003259172876
0.003750761124
0.003560175595
0.003024546048
0.00195220683
0.000609953316
-6.304310005e-05
-0.0005019449655
-0.0009951668581
-0.0009027446842
-0.0003832350918
0.0005022727727
0.002181163995
0.00330835152
0.0034030891
0.003305402519
0.003386271446
0.00336536836
0.002796026841
0.001308793831
-0.0004579195256
-0.001233264659
-0.000616386239
-0.0001988700013
-0.0002596871411
0.0001785272099
0.001563138585
0.003116614254
0.003861854288
0.003498011285
0.003253579561
0.003145276916
0.002196685114
0.0009221997489
-1.357090432e-05
-0.0006095955993
-0.000890355743
-0.0006230663124
-0.0002479777788
0.0003299262981
0.001398895252
0.002647105703
0.003522362735
0.003971542261
0.00394139127
0.003438244626
0.002310300332
0.0009105178141
-8.130355066e-06
-0.0002434770962
-0.0005692647189
-0.001107586285
-0.001001753444
0.0002364250989
0.001562905762
0.002557047471
0.00324854914
0.003467068369
0.003715972894
0.003705225387
0.002660128244
0.001132580698
6.873823536e-05
-0.0006032493139
-0.0008027542477
-0.0007864714599
-0.0004708221264
0.0003066772652
0.00142408423
0.002438983939
0.00332507878
0.003775525509
0.003506946495
0.002925162618
0.00276207615
0.002250288667
0.0006670579001
-0.0009708042717
-0.001616475474
-0.001257989444
-0.0002267350074
0.0005202908275
0.0007708741558
0.001773530841
0.003373603824
0.004245641996
0.004075992006
0.003224902056
0.002366247803
0.002006318425
0.001191020674
-0.0002827954549
-0.001317490241
-0.001273886867
-0.0006495472371
0.0003393952308
0.001152131046
0.00173377257
0.002819155292
0.004168523599
0.004287937079
0.003351201115
0.002431489871
0.001495633163
0.000717544123
0.0002024310706
-0.0005695630137
-0.001183018663
-0.0009437050519
-0.000287418044
0.000853845444
0.00236032465
0.003231965956
0.003559439271
0.004054524672
0.003992187563
0.003188050276
0.002085693724
0.0006738864561
-0.0004540898921
-0.0005310707835
-0.0007386258482
-0.001322039672
-0.0008132818631
0.0008857827441
0.002312907704
0.003053849297
0.003444241944
0.003688697773
0.003873096611
0.003505262419
0.002243842166
0.0008548187502
-7.272921465e-05
-0.0007936577699
-0.0009621069159
-0.0007818396557
-0.0004433470492
0.0007177411343
0.00212686969
0.002688011745
0.003202395508
0.003966726444
0.004150016005
0.00344359921
0.002251138526
0.0009229358554
-7.161107464e-05
-0.0007485893343
-0.001241628507
-0.001255440164
-0.0004890176008
0.0005615810068
0.0016282781
0.002623610669
0.003345998441
0.004066314023
0.004428832259
0.003651923788
0.002166289459
0.001099140383
0.0002439762909
-0.0005924302552
-0.001110998655
-0.00119420528
-0.0007551946013
0.0003121017533
0.00149064355
0.002590889759
0.003538670359
0.003895430006
0.003585805291
0.00323904937
0.002742768826
0.001669610707
0.0002666523762
-0.0008142465271
-0.001200678435
-0.001027304458
-0.0007367350023
-0.0001804407269
0.001228850793
0.002825998219
0.003780579339
0.004043188967
0.003803468318
0.003256555945
0.002793058278
0.002018914261
0.0004988865152
-0.0009931551532
-0.001437896382
-0.001172715787
-0.0007354404618
-0.0001603233747
0.0008556662448
0.00228249513
0.003538205202
0.004075367589
0.00398813227
0.003565327456
0.002835905893
0.001796539405
0.0005613846732
-0.0005368954576
-0.001125482042
-0.001022765981
-0.0006793093576
-0.000183287928
0.0008296407503
0.00212877983
0.003127505508
0.003848996502
0.004288630112
0.00410194809
0.003071334656
0.001650294106
0.0003941978786
-0.0004031482216
-0.001000656091
-0.001332786722
-0.001113984863
-0.0002241579097
0.0009870900448
0.002087825883
0.003119942172
0.003992400103
0.004434483129
0.004148168026
0.003149489917
0.001956919937
0.001062229886
4.514198226e-05
-0.001086168192
-0.00158045038
-0.001195825657
-0.0002024652523
0.001006879073
0.001980376548
0.002791095332
0.003665887954
0.004385461273
0.004170093805
0.003138306879
0.002079140653
0.001233586365
0.0002642220813
-0.0008649823848
-0.001723757912
-0.001551686206
-0.0002978258105
0.0009650513318
0.00189198604
0.002851107456
0.00376390773
0.004352349428
0.004400309097
0.003512644085
0.002170283532
0.001059793378
1.752459225e-05
-0.001027463769
-0.001510728788
-0.001335159395
-0.0007520209559
0.0002410887808
0.001637194228
0.002929723361
0.003763386324
0.004089997421
0.004074851247
0.003737507196
0.002785019803
0.001209402539
-0.0001980342136
-0.0008420381747
-0.001106539966
-0.001155059591
-0.0008589484057
-0.0001535802499
0.001205641804
0.002941974411
0.003953658053
0.004184216947
0.004069585668
0.00363206052
0.002752539325
0.001400916985
-7.184966298e-05
-0.0009480281525
-0.001284638125
-0.001390217819
-0.00106552609
-8.036581479e-05
0.001320959711
0.002717058546
0.003831037158
0.004342719282
0.004251248654
0.00385730946
0.002964502215
0.001501655396
0.0002011951994
-0.000661930738
-0.001267962648
-0.001520841202
-0.001202832908
-0.0001914769472
0.00133019004
0.002499520485
0.003199718721
0.003970147011
0.004471734202
0.00411622398
0.003095104015
0.001705635582
0.0003354658352
-0.0006902395233
-0.001369511514
-0.001623974493
-0.001166435702
-9.019681091e-05
0.001135493613
0.002354191548
0.003481148663
0.004166841989
0.004301650014
0.004044044506
0.003202885944
0.001971495555
0.0006276692004
-0.0007709567204
-0.001694421135
-0.001657802167
-0.001092422584
-0.0002886498968
0.0007414234741
0.001928281972
0.003335695271
0.004516047891
0.004577506445
0.003813250425
0.003062522478
0.002296802854
0.001150772778
-0.0002640213295
-0.001457045019
-0.001831318969
-0.001249209364
-0.0002994384067
0.0005993550114
0.001701933672
0.003241932591
0.004495794385
0.004785032418
0.004107399953
0.003024164758
0.002104495046
0.001127695235
-0.0002428174758
-0.001314056534
-0.001672730939
-0.001509158225
-0.0006615237623
0.0007200771128
0.002049384999
0.003192024299
0.004063587762
0.004561599778
0.004575144148
0.003851276831
0.002413026292
0.0008373623572
-0.0002680452469
-0.0009900070632
-0.001504243468
-0.001582952957
-0.0009760448211
0.000280491081
0.001881659621
0.003093294263
0.003766664811
0.004324020976
0.004593903015
0.004048800798
0.002755483367
0.001071878906
-0.0004007141616
-0.001166707646
-0.001463624629
-0.001545178742
-0.001004018476
0.0002322722867
0.001649963134
0.00290584135
0.003898669122
0.004519682972
0.004562433324
0.003909249319
0.002627742618
0.001152990929
-8.365596922e-05
-0.001035418981
-0.001746873848
-0.001856604794
-0.001198630999
4.40026988e-05
0.001427965596
0.002585008197
0.003666039995
0.004648014947
0.004780352656
0.003923806824
0.002730982286
0.001538137121
0.0003183262981
-0.0008360631159
-0.001723507583
-0.00199213567
-0.001393950568
-0.0001567542991
0.001311458108
0.002679591044
0.003758629687
0.004410332607
0.004531750313
0.004024593367
0.003022121827
0.001754330392
0.0003291728367
-0.001045713857
-0.00176514571
-0.00171220526
-0.001271522624
-0.000394014961
0.00105174434
0.002614564135
0.003908597052
0.004602714507
0.004541049616
0.004087987607
0.003378785853
0.002164130471
0.0005249300813
-0.0009895888772
-0.001795063114
-0.001711868513
-0.001202286596
-0.0005935135796
0.000466417464
0.00221527632
0.003841025306
0.004636183676
0.00472292491
0.004296063109
0.003417404038
0.002183081822
0.0006002516623
-0.000855483002
-0.001590705581
-0.001699668099
-0.001417264518
-0.0005992922629
0.0006527603541
0.002081014751
0.003500811009
0.004516808137
0.004839412932
0.004503106412
0.003521402107
0.002062340772
0.0006548284164
-0.0005383958217
-0.001527588215
-0.002024058681
-0.001759148701
-0.0008203260986
0.0005987543553
0.002090737264
0.003278476905
0.004221950027
0.004877829046
0.004736762993
0.003782772521
0.002454556647
0.001007590284
-0.0003615326526
-0.001471929447
-0.002150161783
-0.001958804506
-0.0008580226496
0.0005596289421
0.00193623762
0.003170820759
0.004162715949
0.004785100269
0.004756336756
0.003840047011
0.002445741912
0.001113400945
-0.0001510450103
-0.001418644178
-0.002152607207
-0.001902374122
-0.0008932178001
0.0003853308989
0.001667080132
0.002985991337
0.004307519208
0.005051565185
0.004824037525
0.003929995295
0.002706769193
0.001282842335
-0.0001272938568
-0.001316284726
-0.002044719705
-0.002002903592
-0.001259703601
-7.724598023e-05
0.001369532963
0.002917201113
0.004225012397
0.004906362328
0.004827731915
0.00410792863
0.002881142592
0.001375452716
-0.0001345845753
-0.001289662329
-0.001835942559
-0.001860074389
-0.001436386772
-0.000365455895
0.001250721774
0.002939338388
0.004165133049
0.004676250623
0.004633020682
0.004162618828
0.003164667062
0.001616394488
-9.479822895e-05
-0.001378515232
-0.001939297311
-0.001964547053
-0.00156510753
-0.0005790729331
0.001022054436
0.002772170967
0.004051712537
0.004649000155
0.004809519394
0.004502504953
0.003459670052
0.001827615919
0.0001309772123
-0.001175772316
-0.00190383886
-0.00209741738
-0.001642774925
-0.0004874124035
0.0009964755465
0.002466477878
0.003744779631
0.004637969196
0.004975732201
0.004618977774
0.003507598335
0.001924545028
0.0003556685287
-0.0008890794987
-0.00177172586
-0.002114451131
-0.001682992532
-0.0005809600941
0.0008690870187
0.002405368651
0.003743817538
0.004718766205
0.005115683505
0.004706237851
0.003667681845
0.002273173216
0.000655413659
-0.0008227878689
-0.001833117131
-0.00224973812
-0.001873179622
-0.0008102362081
0.0005463544589
0.002077957689
0.003693820185
0.004874696017
0.005147364846
0.004583278572
0.003606127429
0.002437216057
0.001054776398
-0.0005527991344
-0.001890491362
-0.002293359752
-0.001800246875
-0.0008868248238
0.0003330708568
0.001839127239
0.003432463183
0.00474279141
0.005183272498
0.004656159453
0.003714830467
0.002550540573
0.001040776763
-0.0005414814739
-0.001778842669
-0.002338973452
-0.002057327845
-0.001124929967
0.0001644565493
0.001715878252
0.003287565549
0.004506705422
0.005133953686
0.005062338415
0.004205022541
0.002730324942
0.001025379392
-0.0005356233566
-0.001617432457
-0.002105800583
-0.002097244286
-0.001440654984
-3.436428092e-05
0.001653439632
0.003149851291
0.004296467724
0.004915451896
0.004972623059
0.004408431025
0.00303364118
0.00118980092
-0.0004177715679
-0.001460213492
-0.002016705285
-0.002119668776
-0.001594217969
-0.0002556240576
0.001541402446
0.003132631847
0.004235991238
0.0049494949
0.005125123872
0.00445687433
0.003104115912
0.001484187488
-0.0001195529245
-0.001422664908
-0.002225924279
-0.002403808167
-0.001752541332
-0.0003724557528
0.001266146707
0.002831006912
0.004140931503
0.004977249391
0.005146211875
0.004486816805
0.003197310159
0.001707151395
0.0002231484146
-0.001194803693
-0.002224392323
-0.002451968243
-0.001784159402
-0.0005059002438
0.001038014884
0.002587167614
0.00393862592
0.004890458335
0.005159705171
0.004616216731
0.003452668975
0.001903404895
0.00023850124
-0.001199040327
-0.002151380496
-0.002399065987
-0.001865617992
-0.0007568411825
0.0007259081552
0.002463714428
0.004054675967
0.00503408104
0.005227374082
0.004753329465
0.003762720032
0.002290165635
0.0004693580999
-0.001174630867
-0.002072601042
-0.002174762649
-0.001807901517
-0.001025951113
0.0003753973446
0.002230103586
0.003951147334
0.005018359132
0.005234471246
0.004806995362
0.003943073427
0.002538412345
0.0007474028915
-0.0008983240688
-0.001960849173
-0.002277612488
-0.001923674623
-0.00106907781
0.0003052803466
0.002069972169
0.003746535715
0.004896595256
0.005358097193
0.005081530504
0.004083655154
0.002581510817
0.000890886723
-0.0007238525391
-0.001933738677
-0.002486218658
-0.00229588847
-0.001303211296
0.0002819257413
0.001958824684
0.003432660198
0.004586879677
0.005235780218
0.005218428075
0.004358307733
0.002770306117
0.001014578288
-0.0005002089225
-0.001738129453
-0.002504418554
-0.002454878099
-0.001508717331
2.975982805e-05
0.001700719371
0.003197799207
0.004432014458
0.005242895031
0.005264112042
0.004346961843
0.002868485783
0.001229128314
-0.0003816152176
-0.001724800666
-0.002526026468
-0.002521844783
-0.001634312816
-0.0002098262712
0.001395866685
0.00309290378
0.004572739983
0.005388554279
0.005323376845
0.004437997616
0.003044929628
0.001484947085
-0.000124243184
-0.001584389442
-0.002470571385
-0.002514618614
-0.001794118563
-0.0005114551868
0.001132107922
0.002878675647
0.004386122135
0.005293803914
0.005353296829
0.00462533391
0.003367553669
0.00174507955
9.09564092e-06
-0.001455964689
-0.002359920807
-0.002512401824
-0.001896529294
-0.0007053604087
0.0009593073352
0.002832425972
0.004332467552
0.005136226606
0.005301671145
0.004850885104
0.003710008231
0.001947204522
1.66385753e-05
-0.001499463672
-0.002332522133
-0.002515554683
-0.002072881208
-0.0009434772096
0.0007644068214
0.002612933718
0.00412780981
0.005055657412
0.005352857796
0.005049459653
0.003999115232
0.002224996968
0.0002791162065
-0.001255528225
-0.002203716849
-0.002539495573
-0.002200637269
-0.001130638964
0.0005346111943
0.002362229932
0.003934325233
0.005045138945
0.005500973588
0.005161668699
0.004056084965
0.002397551769
0.000567769375
-0.001028653709
-0.002138615853
-0.002629438375
-0.002350115166
-0.001236592329
0.000441542301
0.002227598009
0.003844491278
0.005057265743
0.005601491702
0.005314672042
0.004212383406
0.002606266953
0.000899717042
-0.0007384190601
-0.002093775229
-0.002753927666
-0.002487102451
-0.001421325932
0.0001353172343
0.00188837591
0.003619220756
0.005000290534
0.005624818302
0.005340582546
0.00434534102
0.002915449533
0.001191864757
-0.0006157993618
-0.002067302636
-0.002745097112
-0.002515858671
-0.001537988139
-0.0001182386606
0.001593036976
0.00344355674
0.004941394506
0.005612448313
