0.1666666667
0.1349174258
-0.009484465876
-0.027526926
-0.007043090384
0.005043357633
0.005775273997
0.1818640367
-0.0634684891
-0.05529490624
0.02403357236
0.02783787743
0.02245687777
-0.007866454586
-0.09456306993
0.002836933532
0.08459400035
0.0126122444
-0.02665372149
0.01779041089
-0.01076734281
0.01768883202
0.05960319979
0.004842540213
-0.08985694819
0.02483636899
0.03213919661
0.001371429931
0.03619728305
-0.05124344957
-0.007416335869
0.05822947432
0.032230431
-0.01851029951
0.01911220379
-0.01694352216
0.01426525123
0.04951996363
-0.01063044811
-0.08935999726
0.03165297385
0.03506527924
-0.01530308425
0.01711101903
0.04354729708
-0.06003841587
0.04822083801
0.02335075193
-0.007589688465
-0.02682790955
0.009219494277
0.00148920158
0.00582898469
0.02263846089
-0.03501477918
0.02506740551
-0.01662589573
-0.00382345835
0.02046459342
0.04289459979
-0.03861133263
0.03045315194
0.007101546988
0.0109951781
0.008848363571
0.02581963
-0.0331975255
-0.02698897458
0.02062714464
0.01982810539
-0.01693372513
-0.008418642499
-0.004806105128
0.03116058274
0.04141444555
-0.02274496406
0.008892666682
0.01539586128
0.007852626768
0.004499294959
0.01567782857
-0.04116507995
-0.01408710351
0.04207954803
0.02913937196
-0.02811247586
-0.007089665377
0.01026143997
0.007237468828
0.01934878853
0.04360636703
-0.02566515874
-0.005722241471
0.005018373519
0.05502616968
-0.01030553766
-0.04167250764
-0.03120554129
0.03933923212
0.02368956886
0.01138461222
-0.006277419177
-0.0111677046
0.05419476199
0.02352531819
0.01833284595
-0.05655724566
-0.007002024072
0.02552630412
0.03639674825
-0.01718833563
-0.01957002119
-0.009514250605
0.0368266576
0.009773605982
0.01119364129
-0.01292459176
0.004869069305
0.03447034604
0.02545573772
-0.003556174479
-0.01101705084
-0.01223126646
0.02753400797
0.02261215501
-0.02384000063
-0.001977066353
-0.01579289338
0.02374429783
0.01253040524
0.03264689534
-0.02943035489
0.002273908548
0.05482301614
0.02834553736
-0.02527948812
-0.01253663473
-0.001717692605
0.0009249927807
0.009180797722
0.01378486484
-0.01818336232
0.002518555725
0.03787718343
0.03250011923
-0.0195465161
-0.008239061005
0.01173753717
0.03746670391
0.01197274275
-0.02113833451
0.0007027707344
0.008129105078
0.00593637678
-0.004731227151
0.004443506619
-0.02202156117
0.02164369174
0.03324277964
0.02887357049
-0.02091776326
0.002563167854
0.01722799295
0.03039637123
-0.01074235494
-0.01309846887
0.002750730875
0.008938937952
3.044254297e-05
0.009814337489
0.002131564227
-0.0168017946
0.03248248609
0.03843726672
0.006131316842
-0.009028498077
0.01374155191
0.01325479778
-0.002981965561
-0.005125388918
0.01041147029
-0.01305432882
0.009601983614
0.008068469477
0.01492333009
-0.004322608158
0.004673549551
0.01017467275
0.02354241256
0.005458137653
0.01998802496
0.0003689520205
0.00788826786
0.01821650528
-0.009521862572
-0.01286028858
-0.01164902659
0.01657744347
0.01710719832
-0.001442347579
0.00900067969
0.02126979568
0.01656672875
0.009057500752
-0.006761441601
0.02373355085
0.007718222625
-0.007389947944
-0.007864016365
0.006454867442
-0.001976510079
0.01435391436
0.00132495316
0.0008229044417
-0.001838158284
0.03987734028
0.0257166269
-0.007481299036
-0.006470099848
0.01102251672
0.03160220977
-0.003344935438
-0.01570216759
0.002913283705
0.005382964476
-0.003288573965
0.02861544049
-0.01015307256
-0.01944157432
0.01866137585
0.04455423581
0.01807609354
-1.247874094e-05
0.002240312832
-0.0004624920237
0.01056502037
0.01353487735
-0.01819540301
-0.01627429697
0.003331355422
0.02340460243
0.0291303463
0.00802862772
-0.02857086336
0.01348573391
0.04653644473
0.01418872218
-0.00788617016
-0.01002184091
0.004501924949
0.01694375005
0.02568024604
-0.02353529693
-0.03197148744
0.003108652826
0.04188886028
0.02219156447
0.003761535607
-0.02613730242
0.01709250997
0.04710550585
0.02002293782
-0.01523157973
-0.008667839796
-0.01222222664
0.0236867611
0.02830037476
-0.02518299628
-0.0357978565
0.01910287712
0.04131124668
0.002182723175
0.02411210677
-0.002103816136
-0.003323926993
0.03254558338
0.02007615972
-0.02555989264
-0.01344626827
0.002483218273
0.01768156711
0.01677386675
-0.00135171998
-0.01909226054
0.005429753008
0.02449955234
0.01662421763
0.01698783434
0.008537705674
-0.01427895754
0.02758987149
0.0323039328
-0.0187973516
-0.02285087406
-0.003927325362
0.01380951035
0.002539338001
0.0103784914
-0.005107880464
0.004616308942
0.02874526543
0.01974562406
0.007487671045
0.006572529942
-0.008235233996
0.01725553327
0.01541490874
-0.01814610639
-0.01074790296
0.01777434629
-0.01638944845
-0.000814630067
0.02991757716
0.02401527449
-0.01124715339
0.01257939601
0.01771292937
0.001309529777
0.02315122037
-0.004443556102
-0.009266823284
-0.0007152396949
0.01525786191
-0.006085936548
0.002723284496
-0.01535726324
-0.0017612012
0.02988629849
0.02356035828
-0.001015231656
0.01089199226
0.01881533315
0.006268707304
0.01254898299
0.0005319620383
-0.02861055936
-0.005798472371
0.01943355287
0.003886283676
0.0009992411547
-0.0001835461804
-0.001678320342
0.02091681005
0.03438793986
0.0008834332808
-0.003436318244
-0.0009103563352
0.0121860415
0.01961529917
0.006979546686
-0.03671192958
-0.01637341363
0.02908448629
0.009248496013
-0.0009933983641
0.01075568221
-0.01104590565
0.0153373022
0.04608861799
0.009768545465
-0.02443184527
0.001847552388
0.01937890608
0.01280858157
-0.005595494658
-0.02829297492
-0.01740476342
0.01831601317
0.02325191744
0.0001057804795
0.008031244159
-0.000686883082
0.02289509365
0.03407320323
0.004219069055
-0.029794987
0.001287608485
0.01374195887
0.001116886669
-0.007201499611
-0.002199862473
-0.008831611387
0.01228979308
0.0183037879
0.0005837722767
0.007035053839
0.003248858646
0.01634568668
0.02960715009
0.006554403852
-0.02449898848
-0.005806152455
0.003407768439
-0.0003556978586
-0.002841984395
0.0007753452804
-0.01448841522
0.01221160706
0.03129142806
0.007005777586
-0.003432789092
0.01436184762
0.01556133187
0.01126945436
-0.002670450848
-0.01556202517
-0.006205245299
0.003682668626
-0.004762457338
-0.005774225983
-0.000249631361
0.01042794356
0.01985625104
0.01299272498
2.477399887e-05
0.005102427844
0.01593873053
0.000785981115
0.0002533804166
-0.003922427142
0.0007257928211
-0.003727736381
-0.002498962998
-0.01039183428
-0.0001150727461
0.004358035312
0.01166263182
0.01453905258
0.01438739122
0.009343918554
0.01131123972
0.007027781665
-0.005724931495
-0.008896888054
-0.001468380776
-0.007277284427
-0.008465375211
0.004891085251
-0.000902228223
0.0002456736897
0.008811023218
0.01960304476
0.008706128168
0.008166524486
0.004081507015
0.01439652006
-0.001189817531
-0.006412908852
-0.007032444411
-0.008225740363
-0.005977687381
0.004723180944
0.007032977872
-0.008030483939
0.002312536593
0.02035109923
0.01485669927
0.006871283937
0.001522574939
0.005173938074
0.01119796907
0.0008360047455
-0.01197688028
-0.01234055108
-0.006162624595
-0.005691685612
0.004429329959
0.002272732915
0.001363160177
0.01437385044
0.0314617465
0.005655958447
-0.003140226718
0.0002766050525
0.007567595545
0.002700880706
-0.006805242932
-0.01706801492
-0.004477532598
0.003152371814
0.003177877751
0.0002621214342
-0.0006712731576
0.006634889137
0.01895465627
0.02021476682
-0.001042805651
0.001982652452
0.00592089089
0.0007151604804
-0.006622678418
-0.00192979651
-0.01733429457
-0.009349567801
0.00809785265
0.01184580849
-0.001638398894
0.005605296518
0.009231360875
0.01607310517
0.02078434156
0.005664088612
-0.01088005181
-0.003142406329
0.001713683276
-0.002430261115
-0.01134509767
-0.02258793931
-0.003226577625
0.02440655567
0.01801191222
-0.007210429108
0.002824969527
0.01342215258
0.01926015561
0.01058513607
-0.002981520599
-0.01516227565
-0.001930828075
0.008780298595
0.001527549047
-0.01887718881
-0.01610543962
0.002159258866
0.02077392241
0.0106939101
0.001581610858
0.01144687615
0.01513035511
0.007978433836
0.007182858443
-0.002893226824
-0.01806056604
-0.01087495541
0.0045021174
0.0006189440678
-0.01237993926
-0.003928171718
0.005165004366
0.01638544488
0.01514452659
0.012805987
0.001769416279
0.005746927848
0.008790215737
0.005903912997
-0.01153122312
-0.01729166745
-0.01063524532
0.00379515303
0.004009893118
-0.004052709514
-0.001439511627
0.006526048786
0.0133256492
0.0139191474
0.009580290946
0.002158972884
0.00387873053
0.006338234941
0.00176646848
-0.01512622904
-0.01313395199
-0.007406260725
-0.004260209875
-0.001828244982
0.009231369304
0.008565092201
0.01104517125
0.01161963218
0.01053970707
0.00674501896
0.006797513365
-0.00456015776
-0.008646165529
-0.01018146874
-0.005317143251
0.001972725655
-0.007222210894
-0.01366181703
0.003812647709
0.01815471103
0.0099415638
0.008783508732
0.008468408743
0.006330512456
0.006146084704
0.008999974771
-0.01149322431
-0.01500125143
-0.005412657212
0.0001321740635
-0.004417989186
-0.004843431267
-0.007214195759
0.005529417691
0.01873417763
0.01481236835
0.007968338954
0.009545628435
-0.002377767619
0.0004955216951
0.01025314747
-0.009629023882
-0.02670625308
-0.01242886395
0.003974265018
0.005216568864
0.007110757453
-0.003395513133
0.001972681459
0.01943977657
0.02372383221
0.002884639326
-0.005490423626
-0.006839454928
0.003842121899
0.01168998353
-0.01106982524
-0.02976551756
-0.006868501358
0.00866628571
0.004693390341
0.004811982392
0.002886921219
0.001586145716
0.02356063135
0.02301356627
-0.003089955348
-0.007170157393
-0.003284955914
-0.00457665576
-0.0005920749696
-0.005844399075
-0.0208932768
-0.004303994174
0.008541816643
0.009872908597
0.008984455124
0.01057717236
0.004171467355
0.01470320608
0.01790775212
-0.0025448909
-0.01284480173
-0.007894539649
-0.008409450108
-0.001168597473
0.0005188143172
-0.01143727412
-0.008005348478
0.01402321696
0.01593997236
0.008559196089
0.008170239516
0.003505210861
0.01133934125
0.01415926245
-0.001281733525
-0.01155427648
-0.00675989818
-0.01230201192
-0.006433507772
0.0001089046512
-0.004361732581
0.0004838404053
0.02015634064
0.0160704752
0.004878544259
0.01029835266
0.01159680134
0.001390634321
-0.0005980845007
-0.005746274475
-0.008040995275
-0.005644751127
-0.008545526474
-0.007552317596
0.003030926871
0.008476080309
0.007811231455
0.01355319291
0.01101340171
0.00984192213
0.0131321283
0.007766864871
-0.008701036226
-0.005764120559
-0.003229622028
-0.004512532436
-0.008237966781
-0.007172568916
-0.002577602774
0.005668493462
0.008548562816
0.0111559261
0.01362491451
0.01316461279
0.009493031909
0.009729914347
0.003156039724
-0.01040308967
-0.01184321483
-0.008555404881
-0.005668685551
-0.001830163346
0.002709825061
-0.001943394941
0.005966021118
0.01788672771
0.01805134371
0.006768034391
0.003660990735
0.003466097111
0.007363593731
0.001863245656
-0.01094212415
-0.01587515369
-0.008566537253
0.001068071834
0.001912633796
-0.002430608467
0.001423188384
0.01454108475
0.02061218966
0.01266094963
0.003735381819
0.003123404429
0.00628270849
0.001753195419
-0.008555228319
-0.01234244494
-0.01288862389
-0.004568962741
0.001505852886
0.003589920547
0.0004911405195
0.00955101541
0.01818654384
0.01773960376
0.008173154426
0.003504954834
2.21796709e-05
-0.004611498339
-0.005037734114
-0.00697617347
-0.009860996317
-0.008466746073
-0.001451485642
0.007165165566
0.007161716221
0.003953244829
0.01029830576
0.01672921558
0.01422285305
0.006595480771
0.002605651466
-0.005331429289
-0.005710516407
-0.004003279941
-0.008107857027
-0.01580650107
-0.006049157548
0.00642338166
0.01173259539
0.008345545491
0.008279275599
0.01385298598
0.01719374864
0.0117165697
-0.00233440529
-0.006197521206
-0.00375609889
-0.004022140104
-0.005411082229
-0.01066661044
-0.01174160206
0.003866966038
0.01458512672
0.01129528862
0.008473013911
0.01255440773
0.01310310369
0.01120576875
0.003469285069
-0.003633245754
-0.006481256456
-0.004297883915
-0.006207010764
-0.007142197825
-0.005827500566
-0.0014149563
0.005440946161
0.01180039391
0.01414275935
0.0145456475
0.0133718786
0.009897165488
0.008241515987
0.003603142042
-0.007675861988
-0.01471211061
-0.007236829751
-0.003995407951
-0.003182803268
0.0001166499393
0.004340784679
0.008607897488
0.01736403572
0.01665090721
0.00969405463
0.006072576249
0.008565499794
0.005639320818
-0.003189665254
-0.01133659083
-0.01084246864
-0.004239417467
-0.002326454164
-0.002689984653
0.003952926065
0.0127113627
0.01302108029
0.01350700229
0.0140270273
0.01032215216
0.007138213705
0.004670967882
-0.004433461474
-0.009324842249
-0.008098510964
-0.005192056264
-0.007409152509
-0.005969956773
0.002642149803
0.01431229969
0.01698318942
0.0130945875
0.011927416
0.01288445534
0.008366574933
0.001636644837
-0.004326654933
-0.009585829712
-0.009515442799
-0.004394565383
-0.002219550264
-0.004400754927
0.0008162453114
0.009157905086
0.01331415073
0.01563047152
0.0141300859
0.007903904163
0.008391234628
0.006244890566
-0.0005365937112
-0.007906285968
-0.01226232247
-0.01270427053
-0.003452619353
0.002989222984
0.002526318132
0.002551910175
0.009606250457
0.01759943937
0.02072254905
0.0147287465
0.0015129289
-0.001426022379
0.003789001614
0.0001607159504
-0.01254386926
-0.01622837853
-0.009465396205
0.001951617746
0.00894334703
0.007101157054
0.003953804301
0.01307708671
0.02053816853
0.01766732114
0.006309629128
-0.003371247554
-0.003201066839
0.001607232767
-0.003979897624
-0.01208883892
-0.01034647923
-0.003603189676
0.002114386922
0.009023193907
0.01258825597
0.01042192181
0.01389443681
0.01857499269
0.01391314801
0.003477619951
-0.003355235947
-0.009053934973
-0.007486677648
-0.005199514088
-0.007224316552
-0.007526631954
-0.0008839244869
0.00737825189
0.01716073806
0.01785611517
0.01010112868
0.008933580911
0.01493756492
0.01121211639
-0.0009191100457
-0.008466445411
-0.009638954826
-0.007798514493
-0.004586556954
-0.003866046141
-0.002461130165
0.005540518143
0.01346823468
0.01583735225
0.01396253281
0.01303029717
0.01069963525
0.009277174078
0.001675788899
-0.00586350702
-0.006898109786
-0.007144485028
-0.01116313543
-0.006786862263
0.0005845832785
0.005732109222
0.01219362835
0.01500909876
0.01515556384
0.01689097218
0.01489717127
0.005334325228
-0.00293580697
-0.004564578639
-0.005761067592
-0.007484793752
-0.007514337215
-0.008106713683
-0.002263389479
0.006966827793
0.01142513078
0.01207821992
0.01489711153
0.01434834946
0.01363018624
0.01066966614
0.001993025551
-0.006694813582
-0.006982795994
-0.008237994117
-0.008959555084
-0.004492845827
-0.002212169167
0.0003098529214
0.009160645143
0.01736897459
0.01762997689
0.0136968116
0.009589954522
0.008468214564
0.007297997257
0.0001932227555
-0.01136288607
-0.01434740791
-0.01040935517
-0.00420214043
0.001805085334
0.002912713157
0.002702688746
0.01486085019
0.02307407976
0.0156827211
0.007175864964
0.006600178291
0.005402359533
0.002422684308
-0.005201040567
-0.0137014601
-0.01195440874
-0.004460103894
-0.0006115398642
0.001755103391
0.005615347773
0.009706756185
0.01764834127
0.02083930543
0.01427708017
0.006337741515
0.004100623793
-0.001044080845
-0.006257534787
-0.008036989552
-0.01031194819
-0.01099107772
-0.003131331174
0.004320976216
0.00881710555
0.01266836306
0.01411346689
0.0152832634
0.01803359717
0.01278725215
0.002182744166
-0.003502833807
-0.006370849565
-0.006757956463
-0.007771666942
-0.01043049523
-0.007312575859
0.003773947457
0.01055651614
0.01128097285
0.01254223282
0.01582034615
0.01580968735
0.01386233144
0.006260272228
-0.002616265587
-0.005260438077
-0.00500322071
-0.009701558295
-0.01198957279
-0.007268209957
0.001706174313
0.009409449393
0.01211052242
0.01358700943
0.01705400107
0.01785854878
0.01199401286
0.005615404768
-0.0007483731172
-0.006322574208
-0.008214963539
-0.008744103978
-0.009508903046
-0.006336963365
0.0003030704034
0.007416949765
0.01056123175
0.01362731237
0.01704161924
0.01751285421
0.01244879618
0.007053359809
0.001320326794
-0.004605016655
-0.009852922331
-0.01017475538
-0.007448380046
-0.006243873975
-0.002752224894
0.003701594075
0.01072651147
0.01550605724
0.01741060641
0.01520406685
0.01219282509
0.008954927811
0.003838297796
-0.004060710325
-0.01137239756
-0.01290862085
-0.007963627338
-0.005526343917
-0.003288524314
0.002872703171
0.01136356874
0.01685427224
0.01767456246
0.013483501
0.01096366704
0.00955669224
0.003918230713
-0.004016182733
-0.009486627674
-0.01055200795
-0.008834627593
-0.006716514808
-0.005432346072
0.0006233456337
0.01042280546
0.01650331613
0.01611046115
0.01523428594
0.01351054353
0.009918851177
0.004672266417
-0.002966421566
-0.01036738091
-0.01039992234
-0.008968533711
-0.008544492625
-0.004717645137
0.001980555509
0.008397491716
0.0145783073
0.01708408666
0.01669354881
0.01501362535
0.009439419487
0.002762481482
-0.001759624151
-0.00710104685
-0.01268203082
-0.01147293128
-0.006929014797
-0.002706895054
0.002239270766
0.007374666587
0.01055646867
0.01644594565
0.02035447887
0.01589583887
0.007661166881
0.003682218706
0.0007955196676
-0.002960280204
-0.009851010569
-0.01633225233
-0.01177049247
-0.001040459489
0.003176178095
0.005675775137
0.01105273247
0.01578561499
0.02004114013
0.01896611946
0.009951291863
0.001479323364
-0.0004670188992
-0.003077381519
-0.008561125437
-0.01306504975
-0.01198759151
-0.00532788407
0.003479205974
0.007910815794
0.01098793169
0.01532272844
0.01792218397
0.01666720545
0.01357987837
0.006287566885
-0.002113777228
-0.00589041828
-0.008234038976
-0.01056780055
-0.00972677803
-0.007353618147
-0.002735449616
0.006828674753
0.01388698874
0.0156436427
0.01576377919
0.01572038806
0.01441389856
0.01067238704
0.001591082381
-0.008286605925
-0.01231883427
-0.01024883168
-0.008555014178
-0.007183274523
-0.003454359036
0.004371533819
0.013153364
0.0177414755
0.01601032205
0.01446595664
0.01392721069
0.008782915459
0.0009226705041
-0.00544081658
-0.009489296828
-0.01130345158
-0.01049347241
-0.008417139132
-0.003236770447
0.003829428004
0.01076451305
0.0150083888
0.01672820739
0.01708429136
0.0155951195
0.008981865697
0.0002289400665
-0.005588049459
-0.007565489719
-0.01013209028
-0.01304785554
-0.01127517471
-0.003499628719
0.004081007378
0.00970015245
0.01418869383
0.01639499653
0.01749342248
0.01613963377
0.009960526702
0.001291914649
-0.005380737643
-0.009538261078
-0.01107079727
-0.01131784437
-0.009038322803
-0.004400285489
0.002025681407
0.00844256822
0.0143641658
0.01793103243
0.01688612489
0.01253235854
0.01006194784
0.006809788202
-0.001384079826
-0.01020844616
-0.01433928888
-0.01322424676
-0.007743099383
-0.002935490733
-0.0009446415137
0.00500019064
0.01484463427
0.02059961436
0.01929189176
0.01367896531
0.00815821693
0.005857723176
0.001324309305
-0.007563870962
-0.01461804316
-0.01393650107
-0.008961365321
-0.003328840484
0.0009565203006
0.005085937996
0.01206105575
0.0199338592
0.02035185969
0.01511916132
0.01035040729
0.004612373447
-0.001161137691
-0.005064748101
-0.009989347551
-0.01358903683
-0.01122789558
-0.006156185727
0.0003418017746
0.007740569951
0.01251337381
0.01560611732
0.01927475882
0.01889058219
0.01411659021
0.006973504219
-0.001572165016
-0.008073633235
-0.009310290033
-0.01066613202
-0.01305113722
-0.009486561869
0.0003489361219
0.00848529058
0.01330917498
0.01605586093
0.01712583343
0.0181205934
0.0156734806
0.007448202906
-0.0008702537939
-0.006050215546
-0.009979094497
-0.0113111971
-0.01159632336
-0.009602812365
-0.001572272561
0.007561983528
0.01156470616
0.01490488312
0.01867115159
0.01899394433
0.01476526573
0.00800693476
0.0005273101871
-0.005097744199
-0.009411227898
-0.01320580301
-0.01369806004
-0.008840910823
-0.002297045599
0.004083107312
0.01063359351
0.01557625037
0.01913877443
0.02009139632
0.01530915762
0.007280067604
0.001314765064
-0.004636001572
-0.01032360499
-0.01319771551
-0.01299077846
-0.009670920101
-0.003250368262
0.003110494403
0.009567551158
0.01563747974
0.01838600176
0.0172312696
0.014501682
0.0105272343
0.004003953177
-0.004505748825
-0.01128167784
-0.01368532743
-0.01228916194
-0.009621275821
-0.006325366849
0.0007890854791
0.01001464825
0.01649733285
0.01872363923
0.01756393184
0.01433239579
0.01135906326
0.005867077567
-0.003702182761
-0.01200983881
-0.01406968675
-0.01231719923
-0.009835707658
-0.006892831196
-0.0004534828546
0.009006674981
0.01638254674
0.01884751835
0.01787937146
0.01546797953
0.01166917195
0.005390639647
-0.002566585446
-0.009399292853
-0.01325969176
-0.0127218288
-0.01003595607
-0.006805191257
-0.0007819134131
0.007581011961
0.01412965054
0.01821374325
0.01982930286
0.01829472135
0.01294624052
0.005427776323
-0.001985080102
-0.007730258769
-0.01238026785
-0.01437902992
-0.01228372481
-0.00647923141
0.0006730143625
0.007053235715
0.01317176841
0.01848096845
0.02099519957
0.01920661728
0.01323187724
0.005523541425
-5.290656041e-05
-0.005275412293
-0.01163539109
-0.01529781786
-0.01317047412
-0.006667200674
0.0009967691713
0.006538867178
0.01129244654
0.017310045
0.0218941517
0.02024919462
0.01363744796
0.006585065366
0.001155553214
-0.004395409052
-0.01067620056
-0.01515766966
-0.01434401837
-0.007972453485
-0.0008177909633
0.00535662038
0.01206616315
0.01795068278
0.02102405286
0.0208767647
0.01560117639
0.007798518088
0.0009294516976
-0.005640427299
-0.01161552979
-0.0140907002
-0.01309322767
-0.009488324558
-0.003545494144
0.00448981886
0.01248225913
0.01777542015
0.01935169746
0.01880601874
0.01671754739
0.01121584603
0.002075452364
-0.006665724106
-0.01156127892
-0.01345863762
-0.01297634945
-0.01043134743
-0.00589130351
0.002234207765
0.01233587153
0.01809538649
0.01931463818
0.01883749945
0.01678806572
0.01174711779
0.003279216143
-0.006145942971
-0.01172477469
-0.01372862496
-0.01433322243
-0.01226966029
-0.005987493939
0.002707538957
0.01091886351
0.01692254791
0.01963498693
0.01957747258
0.01747877507
0.01183474261
0.002856595525
-0.004909261829
-0.009952075971
-0.01344457948
-0.01484235975
-0.01283032567
-0.007022918212
0.001967322937
0.009771668949
0.01473232795
0.01882104179
0.02109376679
0.01891389597
0.0127861491
0.004250718398
-0.003904965147
-0.009793469318
-0.01375411445
-0.01543854357
-0.01302851789
-0.006854439843
0.0006821115509
0.00852539085
0.01574382242
0.0201066747
0.02069029253
0.01859488311
0.0133088393
0.006174060555
-0.001388090233
-0.009523480762
-0.01542192572
-0.01547201787
-0.01170675697
-0.006524519908
-0.0006691290732
0.006160506517
0.0147859823
0.02190989777
0.02221273312
0.01766729504
0.01305876288
0.008308481718
0.001123088302
-0.007668027624
-0.01462001129
-0.01648371348
-0.01272281219
-0.006883451309
-0.001496594712
0.005125949016
0.014178783
0.02141968157
0.02338728547
0.01992043124
0.01380873666
0.007826000625
0.001088125976
-0.007372517954
-0.01356388756
-0.01550439428
-0.01416069226
-0.009029448227
-0.00121930551
0.006556599181
0.01359500812
0.01899964266
0.02183146648
0.02155834866
0.01723490085
0.009073687246
-0.0002113561168
-0.007251756082
-0.01176139197
-0.0144877849
-0.01481542349
-0.0113614364
-0.003710506583
0.006358968819
0.01389116277
0.01778141085
0.02067283904
0.02193976933
0.01858399841
0.01079524003
0.0008440125684
-0.007433696662
-0.01204015169
-0.01475884243
-0.01569952717
-0.01218828087
-0.004292693143
0.004892448234
0.01262473391
0.01809656091
0.0214728874
0.02176668132
0.01804539944
0.01049704248
0.001669656182
-0.005721928365
-0.01149502902
-0.01575422394
-0.01632494353
-0.01254176131
-0.005229929752
0.00316506336
0.01034169589
0.01679702005
0.02225325463
0.02292503727
0.01824720751
0.01106388692
0.003284527961
-0.004327031784
-0.011204542
-0.01613316644
-0.0171505821
-0.01342853008
-0.006349051187
0.001992555485
0.0100178287
0.01706448178
0.02158708274
0.02237944755
0.01911459785
0.01264145202
0.004695555609
-0.003769820992
-0.01200532911
-0.01637450508
-0.01582516572
-0.01295859512
-0.008009743648
0.0001854976348
0.009700220191
0.01777307878
0.02184755729
0.02147544245
0.01895434477
0.01471475915
0.007258573601
-0.002664641806
-0.01149987765
-0.0160382647
-0.01585175826
-0.01317637005
-0.009075391482
-0.00209106413
0.008496771633
0.01801764639
0.0222705674
0.02240362943
0.02016519004
0.01535034247
0.008075411537
-0.001615737829
-0.01079492704
-0.01545891326
-0.01606230283
-0.01423442806
-0.009176176467
-0.00140171185
0.007550035475
0.01615248231
0.02178672256
0.02341817576
0.0216313879
0.01622402333
0.007797263238
-0.0009562126575
-0.008485869003
-0.01427515987
-0.0171586351
-0.01563484265
-0.01008927606
-0.001656861588
0.007362754672
0.01451119251
0.02012559665
0.02426698025
0.02338853416
0.01716383482
0.008827306507
0.0002909176613
-0.007408135685
-0.01385724845
-0.01813580454
-0.01714873102
-0.01059499486
-0.002122282143
0.006220505062
0.01383245623
0.02009129159
0.02404358315
0.02363864338
0.01766610503
0.008984892033
0.000926826234
-0.006427740645
-0.01369927015
-0.01814436811
-0.01713755874
-0.01148251658
-0.003660490462
0.004523774847
0.01249816177
0.02001789499
0.02431500404
0.02328415152
0.01826466628
0.01078208978
0.002002436503
-0.006418477595
-0.01363084745
-0.01807376941
-0.01753022955
-0.01284206825
-0.005746548999
0.002947357791
0.01215206046
0.01976090128
0.02364495669
0.0231651801
0.01923329222
0.01225322522
0.002994150121
-0.006698025158
-0.01406178495
-0.01728869705
-0.01696905473
-0.01397535583
-0.007477128952
0.002008555648
0.01198286265
0.01936645059
0.02252265369
0.02249826941
0.01994665657
0.01382207661
0.004317500832
-0.005816891923
-0.01343205388
-0.01696899959
-0.01742130459
-0.01510332557
-0.008910395254
0.0008471125316
0.01119903505
0.01876100955
0.02237069753
0.02343523816
0.02150304595
0.01492928226
0.005070650291
-0.004805828333
-0.01229253366
-0.01656153831
-0.01804829745
-0.01582615029
-0.00900898983
0.0004574037095
0.009938520428
0.01763392495
0.02259472275
0.02438796646
0.0222521928
0.01561882927
0.006050309279
-0.003421155135
-0.01072902256
-0.01600973069
-0.01839700953
-0.01604652907
-0.009365438548
-0.0005632840753
0.008699567573
0.01682801838
0.02283858204
0.02533494201
0.02279270983
0.01642292842
0.008232237202
-0.001238646856
-0.0103048511
-0.01664488831
-0.01896910522
-0.01633009998
-0.00984677714
-0.001884558233
0.007028654709
0.0165250442
0.02375228674
0.02581706908
0.02262602099
0.01653288186
0.009151648443
0.0006468410788
-0.008945049691
-0.01688772744
-0.01930244414
-0.01622512665
-0.01057766258
-0.003161256588
0.005811020132
0.01518273876
0.023052818
0.02601531804
0.02316847395
0.01747574026
0.01021700019
0.001101988931
-0.008331720716
-0.01593808792
-0.01944173498
-0.01771939247
-0.01218088833
-0.00448274751
0.004952806837
0.01452922591
0.02175035918
0.02515100141
0.02451686964
0.01957823206
0.01100863052
0.000840744106
-0.00860258776
-0.01526828382
-0.01839758729
-0.0184845549
-0.01446377184
-0.005719981653
0.004707808386
0.01378634516
0.02043001191
0.02387480594
0.02419718269
0.02078457583
0.01247337342
0.001633327504
-0.007900185715
-0.01449061118
-0.01824002771
-0.01899579985
-0.01564340167
-0.007382486272
0.003370870695
0.01286054252
0.01959562548
0.02400469794
0.0251263524
0.02120416667
0.01302949245
0.003134721791
-0.006460787421
-0.01406747743
-0.01882904874
-0.0199918634
-0.01612608725
-0.007892264817
0.0018703179
0.01121881983
0.01910830858
0.02437546874
0.02569767085
0.02165118858
0.01351597603
0.004317558145
-0.004599997631
-0.01291170492
-0.01886675577
-0.02021556465
-0.01625146887
-0.00866390987
0.0004625618765
0.009837662768
0.01826605947
0.02426844636
0.0259490103
0.02253346247
0.01549141328
0.00633349303
-0.003708739464
-0.01259280158
-0.01845949846
-0.01989503458
-0.01665081831
-0.01008681413
-0.001194940477
0.0092983936
0.01881450381
0.02465511977
0.02578997149
0.02297356199
0.01718802486
0.008506215287
-0.002328778067
-0.01229362606
-0.01813759209
-0.01901241309
-0.01652827697
-0.01142964791
-0.002814647524
0.008248598547
0.01833212997
0.02458596952
0.02594919446
0.02348515553
0.01840451103
0.01008508494
-0.0007635750149
-0.01095630261
-0.01753948993
-0.01944032739
-0.01737088986
-0.01228386523
-0.003857131233
0.0069686183
0.01710267101
0.02391534971
0.02664783737
0.02517841387
0.01938037582
0.01025201093
-1.86617298e-05
-0.009631579848
-0.01682517051
-0.02016257766
-0.01913908252
-0.01338307586
-0.003990850694
0.006168950775
0.01527186689
0.02245258006
0.02637975228
0.02602134688
0.02052574095
0.01091645801
0.0006068930544
-0.008312374442
-0.01582992198
-0.02059300759
-0.02038070486
-0.01468437649
-0.005423697031
0.004626437409
0.01378208835
0.02144359874
0.02640265592
0.02648690997
0.0208807017
0.01185864138
0.001963181334
-0.00767840466
-0.01580035713
-0.0208621925
-0.02109059779
-0.01570437484
-0.006899059015
0.002788402299
0.01273020682
0.02140939148
0.02646096402
0.02639283103
0.02122446464
0.01286753819
0.003399126041
-0.006550117922
-0.01553921355
-0.02083428014
-0.02088538049
-0.0163430538
-0.008655214222
0.001072072626
0.01152223754
0.02059223133
0.02604256276
0.02646796004
0.02228420822
0.0148697996
0.004988265582
-0.005784763961
-0.01484787211
-0.02028178376
-0.02104931541
-0.01731428218
-0.01020685082
-0.000165598392
0.01116684468
0.02034345262
0.02540293926
0.02645025615
0.02360936666
0.01674418455
0.006363692118
-0.00505015936
-0.01421899418
-0.01948337344
-0.02081345302
-0.01825794973
-0.01144787414
-0.001018647399
0.01030955299
0.01951906216
0.02507321363
0.02675082925
0.02478271825
0.01845133512
0.007946989802
-0.00355243778
-0.01273318225
-0.01859416033
-0.02087298888
-0.01906153856
-0.01256848754
-0.002198639704
0.009083500648
0.01853134193
0.0250825404
0.02787427691
0.02601305102
0.01934445784
0.009223068849
-0.001799538658
-0.01146755427
-0.01833609277
-0.02138671532
-0.01971473642
-0.01302877945
-0.00299269658
0.007681621006
0.0174678776
0.02494796466
0.02837607616
0.02673147009
0.02015361439
0.0104770902
4.214944987e-05
-0.01004192504
-0.01820634644
-0.02199104066
-0.02024228742
-0.01385261006
-0.004691686205
0.005695055917
0.01618966625
0.02469809718
0.02864885517
0.02699151053
0.02082807989
0.01206964183
0.001700580497
-0.009232427741
-0.01817173615
-0.02242858268
-0.02100151821
-0.01492348536
-0.006313714221
0.003947224578
0.0151123613
0.02427385305
0.02846410648
